Dynamics Check for SC[0]

Nb: 16   Ng: 15
Mass:  1600.000000
cm:  -3.828500 -0.228000 0.112188
I  :  1543631.791244  -953.362600  14963.313650 
     -953.362600  127351.582444  -1673.556600 
      14963.313650 -1673.556600  1662386.250000
PosR:  0.000000 0.000000 0.000000
VelR:  0.000000 0.000000 -0.000000

Dyn Structure
-------------
Nu:  22   Nx:  23  Nf:  0
u[00]: 0.000000
u[01]: -0.001125
u[02]: 0.000000
u[03]: 0.000000
u[04]: 0.000000
u[05]: 0.000000
u[06]: 0.000000
u[07]: 0.000000
u[08]: 0.000000
u[09]: 0.000000
u[10]: 0.000000
u[11]: 0.000000
u[12]: 0.000000
u[13]: 0.000000
u[14]: 0.000000
u[15]: 0.000000
u[16]: 0.000000
u[17]: 0.000000
u[18]: 0.000000
u[19]: -0.003654
u[20]: 0.001579
u[21]: 0.001653

x[00]: -0.298657
x[01]: -0.478689
x[02]: 0.140586
x[03]: 0.813570
x[04]: 0.000000
x[05]: 0.000000
x[06]: 0.000000
x[07]: 0.000000
x[08]: 0.000000
x[09]: 0.000000
x[10]: 0.000000
x[11]: 0.000000
x[12]: 0.000000
x[13]: 0.000000
x[14]: 0.000000
x[15]: 0.000000
x[16]: 0.000000
x[17]: 0.000000
x[18]: 0.000000
x[19]: 0.000000
x[20]: 2.032454
x[21]: 2.109351
x[22]: 2.478256



Body Structure [00]
-------------------
Mass:  100.000000
cm:  0.000000 0.000000 0.000000
c:   0.000000 0.000000 0.000000
I:  100.000000 -0.000000 -0.000000
     -0.000000 200.000000 -0.000000
   -0.000000 -0.000000 300.000000
wn:  0.000000 -0.001125 0.000000
qn:  -0.298657 -0.478689 0.140586 0.813570
vn:  -0.003654 0.001579 0.001653
pn:  2.032454 2.109351 2.478256

CN:
0.502185 0.514681 0.694920
0.057174 0.782079 -0.620550
-0.862868 0.351362 0.363323
Nf: 0   f0: 0
Mf:

Kf:

Cf:

Pf:




Hf:




Body Structure [01]
-------------------
Mass:  100.000000
cm:  0.000000 0.000000 0.000000
c:   0.000000 0.000000 0.000000
I:  100.000000 -0.000000 -0.000000
     -0.000000 200.000000 -0.000000
   -0.000000 -0.000000 300.000000
wn:  0.000000 -0.001125 0.000000
qn:  -0.298657 -0.478689 0.140586 0.813570
vn:  -0.003654 0.001579 0.001653
pn:  3.513250 22.365209 -13.594002

CN:
0.502185 0.514681 0.694920
0.057174 0.782079 -0.620550
-0.862868 0.351362 0.363323
Nf: 0   f0: 0
Mf:

Kf:

Cf:

Pf:




Hf:




Body Structure [02]
-------------------
Mass:  100.000000
cm:  0.000000 0.000000 0.000000
c:   0.000000 0.000000 0.000000
I:  100.000000 -0.000000 -0.000000
     -0.000000 200.000000 -0.000000
   -0.000000 -0.000000 300.000000
wn:  -0.000000 0.001125 0.000000
qn:  -0.478689 0.298657 0.813570 -0.140586
vn:  -0.003654 0.001579 0.001653
pn:  0.551658 -18.146507 18.550513

CN:
-0.502185 -0.514681 -0.694920
-0.057174 -0.782079 0.620550
-0.862868 0.351362 0.363323
Nf: 0   f0: 0
Mf:

Kf:

Cf:

Pf:




Hf:




Body Structure [03]
-------------------
Mass:  100.000000
cm:  0.000000 0.000000 0.000000
c:   0.000000 0.000000 0.000000
I:  100.000000 -0.000000 -0.000000
     -0.000000 200.000000 -0.000000
   -0.000000 -0.000000 300.000000
wn:  0.000000 -0.001125 0.000000
qn:  -0.298657 -0.478689 0.140586 0.813570
vn:  -0.005375 0.001810 0.001786
pn:  4.122273 28.633013 -16.612708

CN:
0.502185 0.514681 0.694920
0.057174 0.782079 -0.620550
-0.862868 0.351362 0.363323
Nf: 0   f0: 0
Mf:

Kf:

Cf:

Pf:




Hf:




Body Structure [04]
-------------------
Mass:  100.000000
cm:  0.000000 0.000000 0.000000
c:   0.000000 0.000000 0.000000
I:  100.000000 -0.000000 -0.000000
     -0.000000 200.000000 -0.000000
   -0.000000 -0.000000 300.000000
wn:  -0.000000 0.001125 0.000000
qn:  -0.478689 0.298657 0.813570 -0.140586
vn:  -0.001920 0.001480 0.001688
pn:  3.871563 26.723177 -19.021822

CN:
-0.502185 -0.514681 -0.694920
-0.057174 -0.782079 0.620550
-0.862868 0.351362 0.363323
Nf: 0   f0: 0
Mf:

Kf:

Cf:

Pf:




Hf:




Body Structure [05]
-------------------
Mass:  100.000000
cm:  0.000000 0.000000 0.000000
c:   0.000000 0.000000 0.000000
I:  100.000000 -0.000000 -0.000000
     -0.000000 200.000000 -0.000000
   -0.000000 -0.000000 300.000000
wn:  0.000000 -0.001125 0.000000
qn:  -0.298657 -0.478689 0.140586 0.813570
vn:  -0.005047 0.001702 0.001680
pn:  4.876102 40.595028 -26.475973

CN:
0.502185 0.514681 0.694920
0.057174 0.782079 -0.620550
-0.862868 0.351362 0.363323
Nf: 0   f0: 0
Mf:

Kf:

Cf:

Pf:




Hf:




Body Structure [06]
-------------------
Mass:  100.000000
cm:  0.000000 0.000000 0.000000
c:   0.000000 0.000000 0.000000
I:  100.000000 -0.000000 -0.000000
     -0.000000 200.000000 -0.000000
   -0.000000 -0.000000 300.000000
wn:  -0.000000 0.001125 0.000000
qn:  -0.478689 0.298657 0.813570 -0.140586
vn:  -0.002133 0.001628 0.001855
pn:  4.957464 38.982221 -28.507543

CN:
-0.502185 -0.514681 -0.694920
-0.057174 -0.782079 0.620550
-0.862868 0.351362 0.363323
Nf: 0   f0: 0
Mf:

Kf:

Cf:

Pf:




Hf:




Body Structure [07]
-------------------
Mass:  100.000000
cm:  0.000000 0.000000 0.000000
c:   0.000000 0.000000 0.000000
I:  100.000000 -0.000000 -0.000000
     -0.000000 200.000000 -0.000000
   -0.000000 -0.000000 300.000000
wn:  -0.000000 0.001125 0.000000
qn:  -0.478689 0.298657 0.813570 -0.140586
vn:  -0.002590 0.000676 0.000613
pn:  -1.058291 -24.006731 21.990673

CN:
-0.502185 -0.514681 -0.694920
-0.057174 -0.782079 0.620550
-0.862868 0.351362 0.363323
Nf: 0   f0: 0
Mf:

Kf:

Cf:

Pf:




Hf:




Body Structure [08]
-------------------
Mass:  100.000000
cm:  0.000000 0.000000 0.000000
c:   0.000000 0.000000 0.000000
I:  100.000000 -0.000000 -0.000000
     -0.000000 200.000000 -0.000000
   -0.000000 -0.000000 300.000000
wn:  0.000000 -0.001125 0.000000
qn:  -0.298657 -0.478689 0.140586 0.813570
vn:  -0.004540 0.002547 0.002791
pn:  1.487648 -23.031519 23.433349

CN:
0.502185 0.514681 0.694920
0.057174 0.782079 -0.620550
-0.862868 0.351362 0.363323
Nf: 0   f0: 0
Mf:

Kf:

Cf:

Pf:




Hf:




Body Structure [09]
-------------------
Mass:  100.000000
cm:  0.000000 0.000000 0.000000
c:   0.000000 0.000000 0.000000
I:  100.000000 -0.000000 -0.000000
     -0.000000 200.000000 -0.000000
   -0.000000 -0.000000 300.000000
wn:  -0.000000 0.001125 0.000000
qn:  -0.478689 0.298657 0.813570 -0.140586
vn:  -0.002882 0.000820 0.000768
pn:  -1.758622 -35.990531 31.831412

CN:
-0.502185 -0.514681 -0.694920
-0.057174 -0.782079 0.620550
-0.862868 0.351362 0.363323
Nf: 0   f0: 0
Mf:

Kf:

Cf:

Pf:




Hf:




Body Structure [10]
-------------------
Mass:  100.000000
cm:  0.000000 0.000000 0.000000
c:   0.000000 0.000000 0.000000
I:  100.000000 -0.000000 -0.000000
     -0.000000 200.000000 -0.000000
   -0.000000 -0.000000 300.000000
wn:  0.000000 -0.001125 0.000000
qn:  -0.298657 -0.478689 0.140586 0.813570
vn:  -0.004242 0.002487 0.002743
pn:  0.532902 -35.343970 32.863845

CN:
0.502185 0.514681 0.694920
0.057174 0.782079 -0.620550
-0.862868 0.351362 0.363323
Nf: 0   f0: 0
Mf:

Kf:

Cf:

Pf:




Hf:




Body Structure [11]
-------------------
Mass:  100.000000
cm:  0.000000 0.000000 0.000000
c:   0.000000 0.000000 0.000000
I:  100.000000 -0.000000 -0.000000
     -0.000000 200.000000 -0.000000
   -0.000000 -0.000000 300.000000
wn:  0.000000 -0.001125 0.000000
qn:  -0.298657 -0.478689 0.140586 0.813570
vn:  -0.002052 0.000926 0.000978
pn:  2.044301 12.756696 -7.790454

CN:
0.502185 0.514681 0.694920
0.057174 0.782079 -0.620550
-0.862868 0.351362 0.363323
Nf: 0   f0: 0
Mf:

Kf:

Cf:

Pf:




Hf:




Body Structure [12]
-------------------
Mass:  100.000000
cm:  0.000000 0.000000 0.000000
c:   0.000000 0.000000 0.000000
I:  100.000000 -0.000000 -0.000000
     -0.000000 200.000000 -0.000000
   -0.000000 -0.000000 300.000000
wn:  0.000000 -0.001125 0.000000
qn:  -0.298657 -0.478689 0.140586 0.813570
vn:  -0.002052 0.000926 0.000978
pn:  0.363397 -10.236441 10.453729

CN:
0.502185 0.514681 0.694920
0.057174 0.782079 -0.620550
-0.862868 0.351362 0.363323
Nf: 0   f0: 0
Mf:

Kf:

Cf:

Pf:




Hf:




Body Structure [13]
-------------------
Mass:  100.000000
cm:  0.000000 0.000000 0.000000
c:   0.000000 0.000000 0.000000
I:  100.000000 -0.000000 -0.000000
     -0.000000 200.000000 -0.000000
   -0.000000 -0.000000 300.000000
wn:  0.000000 -0.001125 0.000000
qn:  -0.298657 -0.478689 0.140586 0.813570
vn:  0.020009 -0.010792 -0.011758
pn:  -13.999884 -8.763390 -15.779685

CN:
0.502185 0.514681 0.694920
0.057174 0.782079 -0.620550
-0.862868 0.351362 0.363323
Nf: 0   f0: 0
Mf:

Kf:

Cf:

Pf:




Hf:




Body Structure [14]
-------------------
Mass:  100.000000
cm:  0.000000 0.000000 0.000000
c:   0.000000 0.000000 0.000000
I:  100.000000 -0.000000 -0.000000
     -0.000000 200.000000 -0.000000
   -0.000000 -0.000000 300.000000
wn:  -0.000000 0.001125 0.000000
qn:  -0.478689 0.298657 0.813570 -0.140586
vn:  0.020009 -0.010792 -0.011758
pn:  -14.206966 -11.596081 -13.532051

CN:
-0.502185 -0.514681 -0.694920
-0.057174 -0.782079 0.620550
-0.862868 0.351362 0.363323
Nf: 0   f0: 0
Mf:

Kf:

Cf:

Pf:




Hf:




Body Structure [15]
-------------------
Mass:  100.000000
cm:  0.000000 0.000000 0.000000
c:   0.000000 0.000000 0.000000
I:  100.000000 -0.000000 -0.000000
     -0.000000 200.000000 -0.000000
   -0.000000 -0.000000 300.000000
wn:  0.000000 0.001125 0.000000
qn:  0.813570 0.140586 0.478689 0.298657
vn:  0.003779 0.001847 0.002676
pn:  2.670750 -5.049525 -0.287541

CN:
0.502185 0.514681 0.694920
-0.057174 -0.782079 0.620550
0.862868 -0.351362 -0.363323
Nf: 0   f0: 0
Mf:

Kf:

Cf:

Pf:




Hf:





Joint Structure [00]
---------------
Rotu0: 3   Rotx0: 4
Trnu0: 4   Trnx0: 5
ang:  0.000000 0.000000 0.000000
rate:  0.000000 0.000000 0.000000
COI:
1.000000 0.000000 0.000000
0.000000 1.000000 0.000000
0.000000 0.000000 1.000000
SpringCoef: 0.000000 0.000000 0.000000
DampCoef: 0.000000 0.000000 0.000000
PSIi:



THETAi:



PSIo:



THETAo:





Joint Structure [01]
---------------
Rotu0: 4   Rotx0: 5
Trnu0: 5   Trnx0: 6
ang:  0.000000 0.000000 0.000000
rate:  0.000000 0.000000 0.000000
COI:
-1.000000 0.000000 0.000000
-0.000000 -1.000000 0.000000
0.000000 0.000000 1.000000
SpringCoef: 0.000000 0.000000 0.000000
DampCoef: 0.000000 0.000000 0.000000
PSIi:



THETAi:



PSIo:



THETAo:





Joint Structure [02]
---------------
Rotu0: 5   Rotx0: 6
Trnu0: 6   Trnx0: 7
ang:  0.000000 0.000000 0.000000
rate:  0.000000 0.000000 0.000000
COI:
1.000000 0.000000 0.000000
0.000000 1.000000 0.000000
0.000000 0.000000 1.000000
SpringCoef: 0.000000 0.000000 0.000000
DampCoef: 0.000000 0.000000 0.000000
PSIi:



THETAi:



PSIo:



THETAo:





Joint Structure [03]
---------------
Rotu0: 6   Rotx0: 7
Trnu0: 7   Trnx0: 8
ang:  0.000000 0.000000 0.000000
rate:  0.000000 0.000000 0.000000
COI:
-1.000000 0.000000 0.000000
-0.000000 -1.000000 0.000000
0.000000 0.000000 1.000000
SpringCoef: 0.000000 0.000000 0.000000
DampCoef: 0.000000 0.000000 0.000000
PSIi:



THETAi:



PSIo:



THETAo:





Joint Structure [04]
---------------
Rotu0: 7   Rotx0: 8
Trnu0: 8   Trnx0: 9
ang:  0.000000 0.000000 0.000000
rate:  0.000000 0.000000 0.000000
COI:
1.000000 0.000000 0.000000
0.000000 1.000000 0.000000
0.000000 0.000000 1.000000
SpringCoef: 0.000000 0.000000 0.000000
DampCoef: 0.000000 0.000000 0.000000
PSIi:



THETAi:



PSIo:



THETAo:





Joint Structure [05]
---------------
Rotu0: 8   Rotx0: 9
Trnu0: 9   Trnx0: 10
ang:  0.000000 0.000000 0.000000
rate:  0.000000 0.000000 0.000000
COI:
-1.000000 0.000000 0.000000
-0.000000 -1.000000 0.000000
0.000000 0.000000 1.000000
SpringCoef: 0.000000 0.000000 0.000000
DampCoef: 0.000000 0.000000 0.000000
PSIi:



THETAi:



PSIo:



THETAo:





Joint Structure [06]
---------------
Rotu0: 9   Rotx0: 10
Trnu0: 10   Trnx0: 11
ang:  0.000000 0.000000 0.000000
rate:  0.000000 0.000000 0.000000
COI:
1.000000 0.000000 0.000000
0.000000 1.000000 0.000000
0.000000 0.000000 1.000000
SpringCoef: 0.000000 0.000000 0.000000
DampCoef: 0.000000 0.000000 0.000000
PSIi:



THETAi:



PSIo:



THETAo:





Joint Structure [07]
---------------
Rotu0: 10   Rotx0: 11
Trnu0: 11   Trnx0: 12
ang:  0.000000 0.000000 0.000000
rate:  0.000000 0.000000 0.000000
COI:
-1.000000 0.000000 0.000000
-0.000000 -1.000000 0.000000
0.000000 0.000000 1.000000
SpringCoef: 0.000000 0.000000 0.000000
DampCoef: 0.000000 0.000000 0.000000
PSIi:



THETAi:



PSIo:



THETAo:





Joint Structure [08]
---------------
Rotu0: 11   Rotx0: 12
Trnu0: 12   Trnx0: 13
ang:  0.000000 0.000000 0.000000
rate:  0.000000 0.000000 0.000000
COI:
1.000000 0.000000 0.000000
0.000000 1.000000 0.000000
0.000000 0.000000 1.000000
SpringCoef: 0.000000 0.000000 0.000000
DampCoef: 0.000000 0.000000 0.000000
PSIi:



THETAi:



PSIo:



THETAo:





Joint Structure [09]
---------------
Rotu0: 12   Rotx0: 13
Trnu0: 13   Trnx0: 14
ang:  0.000000 0.000000 0.000000
rate:  0.000000 0.000000 0.000000
COI:
-1.000000 0.000000 0.000000
-0.000000 -1.000000 0.000000
0.000000 0.000000 1.000000
SpringCoef: 0.000000 0.000000 0.000000
DampCoef: 0.000000 0.000000 0.000000
PSIi:



THETAi:



PSIo:



THETAo:





Joint Structure [10]
---------------
Rotu0: 13   Rotx0: 14
Trnu0: 14   Trnx0: 15
ang:  0.000000 0.000000 0.000000
rate:  0.000000 0.000000 0.000000
COI:
1.000000 0.000000 0.000000
0.000000 1.000000 0.000000
0.000000 0.000000 1.000000
SpringCoef: 0.000000 0.000000 0.000000
DampCoef: 0.000000 0.000000 0.000000
PSIi:



THETAi:



PSIo:



THETAo:





Joint Structure [11]
---------------
Rotu0: 14   Rotx0: 15
Trnu0: 15   Trnx0: 16
ang:  0.000000 0.000000 0.000000
rate:  0.000000 0.000000 0.000000
COI:
1.000000 0.000000 0.000000
0.000000 1.000000 0.000000
0.000000 0.000000 1.000000
SpringCoef: 0.000000 0.000000 0.000000
DampCoef: 0.000000 0.000000 0.000000
PSIi:



THETAi:



PSIo:



THETAo:





Joint Structure [12]
---------------
Rotu0: 15   Rotx0: 16
Trnu0: 16   Trnx0: 17
ang:  0.000000 0.000000 0.000000
rate:  0.000000 0.000000 0.000000
COI:
1.000000 0.000000 0.000000
0.000000 1.000000 0.000000
0.000000 0.000000 1.000000
SpringCoef: 0.000000 0.000000 0.000000
DampCoef: 0.000000 0.000000 0.000000
PSIi:



THETAi:



PSIo:



THETAo:





Joint Structure [13]
---------------
Rotu0: 16   Rotx0: 17
Trnu0: 17   Trnx0: 18
ang:  0.000000 0.000000 0.000000
rate:  0.000000 0.000000 0.000000
COI:
-1.000000 0.000000 0.000000
-0.000000 -1.000000 0.000000
0.000000 0.000000 1.000000
SpringCoef: 0.000000 0.000000 0.000000
DampCoef: 0.000000 0.000000 0.000000
PSIi:



THETAi:



PSIo:



THETAo:





Joint Structure [14]
---------------
Rotu0: 17   Rotx0: 18
Trnu0: 19   Trnx0: 20
ang:  0.000000 0.000000 0.000000
rate:  0.000000 0.000000 0.000000
COI:
1.000000 0.000000 0.000000
0.000000 -1.000000 0.000000
0.000000 -0.000000 -1.000000
SpringCoef: 0.000000 0.000000 0.000000
DampCoef: 0.000000 0.000000 0.000000
PSIi:



THETAi:



PSIo:



THETAo:





