Dynamics Check for SC[0]

Nb: 16   Ng: 15
Mass:  1600.000000
cm:  -3.828500 -0.228000 0.112188
I  :  1543631.791244  -953.362600  14963.313650 
     -953.362600  127351.582444  -1673.556600 
      14963.313650 -1673.556600  1662386.250000
PosR:  0.000000 0.000000 0.000000
VelR:  -0.000000 -0.000000 0.000000

Dyn Structure
-------------
Nu:  22   Nx:  23  Nf:  0
u[00]: 0.000000
u[01]: -0.001145
u[02]: 0.000000
u[03]: 0.000000
u[04]: 0.000000
u[05]: 0.000000
u[06]: 0.000000
u[07]: 0.000000
u[08]: 0.000000
u[09]: 0.000000
u[10]: 0.000000
u[11]: 0.000000
u[12]: 0.000000
u[13]: 0.000000
u[14]: 0.000000
u[15]: 0.000000
u[16]: 0.000000
u[17]: 0.000000
u[18]: 0.000000
u[19]: -0.001864
u[20]: 0.000582
u[21]: -0.003927

x[00]: 0.952021
x[01]: 0.190141
x[02]: -0.214887
x[03]: -0.106427
x[04]: 0.000000
x[05]: 0.000000
x[06]: 0.000000
x[07]: 0.000000
x[08]: 0.000000
x[09]: 0.000000
x[10]: 0.000000
x[11]: 0.000000
x[12]: 0.000000
x[13]: 0.000000
x[14]: 0.000000
x[15]: 0.000000
x[16]: 0.000000
x[17]: 0.000000
x[18]: 0.000000
x[19]: 0.000000
x[20]: 3.320658
x[21]: 1.341252
x[22]: -1.377045



Body Structure [00]
-------------------
Mass:  100.000000
cm:  0.000000 0.000000 0.000000
c:   0.000000 0.000000 0.000000
I:  100.000000 -0.000000 -0.000000
     -0.000000 200.000000 -0.000000
   -0.000000 -0.000000 300.000000
wn:  0.000000 -0.001145 0.000000
qn:  0.952021 0.190141 -0.214887 -0.106427
vn:  -0.001864 0.000582 -0.003927
pn:  3.320658 1.341252 -1.377045

CN:
0.835340 0.407775 -0.368681
0.316296 -0.905040 -0.284359
-0.449626 0.120924 -0.884994
Nf: 0   f0: 0
Mf:

Kf:

Cf:

Pf:




Hf:




Body Structure [01]
-------------------
Mass:  100.000000
cm:  0.000000 0.000000 0.000000
c:   0.000000 0.000000 0.000000
I:  100.000000 -0.000000 -0.000000
     -0.000000 200.000000 -0.000000
   -0.000000 -0.000000 300.000000
wn:  0.000000 -0.001145 0.000000
qn:  0.952021 0.190141 -0.214887 -0.106427
vn:  -0.001864 0.000582 -0.003927
pn:  11.512729 -22.099278 -8.741932

CN:
0.835340 0.407775 -0.368681
0.316296 -0.905040 -0.284359
-0.449626 0.120924 -0.884994
Nf: 0   f0: 0
Mf:

Kf:

Cf:

Pf:




Hf:




Body Structure [02]
-------------------
Mass:  100.000000
cm:  0.000000 0.000000 0.000000
c:   0.000000 0.000000 0.000000
I:  100.000000 -0.000000 -0.000000
     -0.000000 200.000000 -0.000000
   -0.000000 -0.000000 300.000000
wn:  -0.000000 0.001145 0.000000
qn:  -0.190141 0.952021 0.106427 -0.214887
vn:  -0.001864 0.000582 -0.003927
pn:  -4.871412 24.781781 5.987841

CN:
-0.835340 -0.407775 0.368681
-0.316296 0.905040 0.284359
-0.449626 0.120924 -0.884994
Nf: 0   f0: 0
Mf:

Kf:

Cf:

Pf:




Hf:




Body Structure [03]
-------------------
Mass:  100.000000
cm:  0.000000 0.000000 0.000000
c:   0.000000 0.000000 0.000000
I:  100.000000 -0.000000 -0.000000
     -0.000000 200.000000 -0.000000
   -0.000000 -0.000000 300.000000
wn:  0.000000 -0.001145 0.000000
qn:  0.952021 0.190141 -0.214887 -0.106427
vn:  -0.003157 0.000510 -0.005135
pn:  14.603801 -27.607713 -11.720400

CN:
0.835340 0.407775 -0.368681
0.316296 -0.905040 -0.284359
-0.449626 0.120924 -0.884994
Nf: 0   f0: 0
Mf:

Kf:

Cf:

Pf:




Hf:




Body Structure [04]
-------------------
Mass:  100.000000
cm:  0.000000 0.000000 0.000000
c:   0.000000 0.000000 0.000000
I:  100.000000 -0.000000 -0.000000
     -0.000000 200.000000 -0.000000
   -0.000000 -0.000000 300.000000
wn:  -0.000000 0.001145 0.000000
qn:  -0.190141 0.952021 0.106427 -0.214887
vn:  -0.000452 0.000746 -0.002877
pn:  12.872939 -28.891614 -9.513621

CN:
-0.835340 -0.407775 0.368681
-0.316296 0.905040 0.284359
-0.449626 0.120924 -0.884994
Nf: 0   f0: 0
Mf:

Kf:

Cf:

Pf:




Hf:




Body Structure [05]
-------------------
Mass:  100.000000
cm:  0.000000 0.000000 0.000000
c:   0.000000 0.000000 0.000000
I:  100.000000 -0.000000 -0.000000
     -0.000000 200.000000 -0.000000
   -0.000000 -0.000000 300.000000
wn:  0.000000 -0.001145 0.000000
qn:  0.952021 0.190141 -0.214887 -0.106427
vn:  -0.002963 0.000481 -0.004825
pn:  19.259865 -41.786854 -15.988316

CN:
0.835340 0.407775 -0.368681
0.316296 -0.905040 -0.284359
-0.449626 0.120924 -0.884994
Nf: 0   f0: 0
Mf:

Kf:

Cf:

Pf:




Hf:




Body Structure [06]
-------------------
Mass:  100.000000
cm:  0.000000 0.000000 0.000000
c:   0.000000 0.000000 0.000000
I:  100.000000 -0.000000 -0.000000
     -0.000000 200.000000 -0.000000
   -0.000000 -0.000000 300.000000
wn:  -0.000000 0.001145 0.000000
qn:  -0.190141 0.952021 0.106427 -0.214887
vn:  -0.000515 0.000818 -0.003175
pn:  18.040782 -42.854257 -13.961119

CN:
-0.835340 -0.407775 0.368681
-0.316296 0.905040 0.284359
-0.449626 0.120924 -0.884994
Nf: 0   f0: 0
Mf:

Kf:

Cf:

Pf:




Hf:




Body Structure [07]
-------------------
Mass:  100.000000
cm:  0.000000 0.000000 0.000000
c:   0.000000 0.000000 0.000000
I:  100.000000 -0.000000 -0.000000
     -0.000000 200.000000 -0.000000
   -0.000000 -0.000000 300.000000
wn:  -0.000000 0.001145 0.000000
qn:  -0.190141 0.952021 0.106427 -0.214887
vn:  -0.001680 0.000113 -0.002229
pn:  -8.484050 30.430488 7.939716

CN:
-0.835340 -0.407775 0.368681
-0.316296 0.905040 0.284359
-0.449626 0.120924 -0.884994
Nf: 0   f0: 0
Mf:

Kf:

Cf:

Pf:




Hf:




Body Structure [08]
-------------------
Mass:  100.000000
cm:  0.000000 0.000000 0.000000
c:   0.000000 0.000000 0.000000
I:  100.000000 -0.000000 -0.000000
     -0.000000 200.000000 -0.000000
   -0.000000 -0.000000 300.000000
wn:  0.000000 -0.001145 0.000000
qn:  0.952021 0.190141 -0.214887 -0.106427
vn:  -0.001841 0.001119 -0.005611
pn:  -5.557183 31.392732 8.087020

CN:
0.835340 0.407775 -0.368681
0.316296 -0.905040 -0.284359
-0.449626 0.120924 -0.884994
Nf: 0   f0: 0
Mf:

Kf:

Cf:

Pf:




Hf:




Body Structure [09]
-------------------
Mass:  100.000000
cm:  0.000000 0.000000 0.000000
c:   0.000000 0.000000 0.000000
I:  100.000000 -0.000000 -0.000000
     -0.000000 200.000000 -0.000000
   -0.000000 -0.000000 300.000000
wn:  -0.000000 0.001145 0.000000
qn:  -0.190141 0.952021 0.106427 -0.214887
vn:  -0.001815 0.000172 -0.002565
pn:  -13.112238 44.602132 12.262502

CN:
-0.835340 -0.407775 0.368681
-0.316296 0.905040 0.284359
-0.449626 0.120924 -0.884994
Nf: 0   f0: 0
Mf:

Kf:

Cf:

Pf:




Hf:




Body Structure [10]
-------------------
Mass:  100.000000
cm:  0.000000 0.000000 0.000000
c:   0.000000 0.000000 0.000000
I:  100.000000 -0.000000 -0.000000
     -0.000000 200.000000 -0.000000
   -0.000000 -0.000000 300.000000
wn:  0.000000 -0.001145 0.000000
qn:  0.952021 0.190141 -0.214887 -0.106427
vn:  -0.001633 0.001119 -0.005376
pn:  -10.656683 45.336995 12.669038

CN:
0.835340 0.407775 -0.368681
0.316296 -0.905040 -0.284359
-0.449626 0.120924 -0.884994
Nf: 0   f0: 0
Mf:

Kf:

Cf:

Pf:




Hf:




Body Structure [11]
-------------------
Mass:  100.000000
cm:  0.000000 0.000000 0.000000
c:   0.000000 0.000000 0.000000
I:  100.000000 -0.000000 -0.000000
     -0.000000 200.000000 -0.000000
   -0.000000 -0.000000 300.000000
wn:  0.000000 -0.001145 0.000000
qn:  0.952021 0.190141 -0.214887 -0.106427
vn:  -0.001014 0.000354 -0.002255
pn:  6.591900 -12.635662 -4.948792

CN:
0.835340 0.407775 -0.368681
0.316296 -0.905040 -0.284359
-0.449626 0.120924 -0.884994
Nf: 0   f0: 0
Mf:

Kf:

Cf:

Pf:




Hf:




Body Structure [12]
-------------------
Mass:  100.000000
cm:  0.000000 0.000000 0.000000
c:   0.000000 0.000000 0.000000
I:  100.000000 -0.000000 -0.000000
     -0.000000 200.000000 -0.000000
   -0.000000 -0.000000 300.000000
wn:  0.000000 -0.001145 0.000000
qn:  0.952021 0.190141 -0.214887 -0.106427
vn:  -0.001014 0.000354 -0.002255
pn:  -2.707207 13.972507 3.411350

CN:
0.835340 0.407775 -0.368681
0.316296 -0.905040 -0.284359
-0.449626 0.120924 -0.884994
Nf: 0   f0: 0
Mf:

Kf:

Cf:

Pf:




Hf:




Body Structure [13]
-------------------
Mass:  100.000000
cm:  0.000000 0.000000 0.000000
c:   0.000000 0.000000 0.000000
I:  100.000000 -0.000000 -0.000000
     -0.000000 200.000000 -0.000000
   -0.000000 -0.000000 300.000000
wn:  0.000000 -0.001145 0.000000
qn:  0.952021 0.190141 -0.214887 -0.106427
vn:  0.008461 -0.004642 0.024186
pn:  -19.593638 -10.717409 4.797777

CN:
0.835340 0.407775 -0.368681
0.316296 -0.905040 -0.284359
-0.449626 0.120924 -0.884994
Nf: 0   f0: 0
Mf:

Kf:

Cf:

Pf:




Hf:




Body Structure [14]
-------------------
Mass:  100.000000
cm:  0.000000 0.000000 0.000000
c:   0.000000 0.000000 0.000000
I:  100.000000 -0.000000 -0.000000
     -0.000000 200.000000 -0.000000
   -0.000000 -0.000000 300.000000
wn:  -0.000000 0.001145 0.000000
qn:  -0.190141 0.952021 0.106427 -0.214887
vn:  0.008461 -0.004642 0.024186
pn:  -20.739263 -7.439355 5.827723

CN:
-0.835340 -0.407775 0.368681
-0.316296 0.905040 0.284359
-0.449626 0.120924 -0.884994
Nf: 0   f0: 0
Mf:

Kf:

Cf:

Pf:




Hf:




Body Structure [15]
-------------------
Mass:  100.000000
cm:  0.000000 0.000000 0.000000
c:   0.000000 0.000000 0.000000
I:  100.000000 -0.000000 -0.000000
     -0.000000 200.000000 -0.000000
   -0.000000 -0.000000 300.000000
wn:  0.000000 0.001145 0.000000
qn:  0.106427 0.214887 0.190141 0.952021
vn:  0.004752 0.001751 -0.000289
pn:  -0.480999 2.174255 5.268258

CN:
0.835340 0.407775 -0.368681
-0.316296 0.905040 0.284359
0.449626 -0.120924 0.884994
Nf: 0   f0: 0
Mf:

Kf:

Cf:

Pf:




Hf:





Joint Structure [00]
---------------
Rotu0: 3   Rotx0: 4
Trnu0: 4   Trnx0: 5
ang:  0.000000 0.000000 0.000000
rate:  0.000000 0.000000 0.000000
COI:
1.000000 0.000000 0.000000
0.000000 1.000000 0.000000
0.000000 0.000000 1.000000
SpringCoef: 0.000000 0.000000 0.000000
DampCoef: 0.000000 0.000000 0.000000
PSIi:



THETAi:



PSIo:



THETAo:





Joint Structure [01]
---------------
Rotu0: 4   Rotx0: 5
Trnu0: 5   Trnx0: 6
ang:  0.000000 0.000000 0.000000
rate:  0.000000 0.000000 0.000000
COI:
-1.000000 0.000000 0.000000
-0.000000 -1.000000 0.000000
0.000000 0.000000 1.000000
SpringCoef: 0.000000 0.000000 0.000000
DampCoef: 0.000000 0.000000 0.000000
PSIi:



THETAi:



PSIo:



THETAo:





Joint Structure [02]
---------------
Rotu0: 5   Rotx0: 6
Trnu0: 6   Trnx0: 7
ang:  0.000000 0.000000 0.000000
rate:  0.000000 0.000000 0.000000
COI:
1.000000 0.000000 0.000000
0.000000 1.000000 0.000000
0.000000 0.000000 1.000000
SpringCoef: 0.000000 0.000000 0.000000
DampCoef: 0.000000 0.000000 0.000000
PSIi:



THETAi:



PSIo:



THETAo:





Joint Structure [03]
---------------
Rotu0: 6   Rotx0: 7
Trnu0: 7   Trnx0: 8
ang:  0.000000 0.000000 0.000000
rate:  0.000000 0.000000 0.000000
COI:
-1.000000 0.000000 0.000000
-0.000000 -1.000000 0.000000
0.000000 0.000000 1.000000
SpringCoef: 0.000000 0.000000 0.000000
DampCoef: 0.000000 0.000000 0.000000
PSIi:



THETAi:



PSIo:



THETAo:





Joint Structure [04]
---------------
Rotu0: 7   Rotx0: 8
Trnu0: 8   Trnx0: 9
ang:  0.000000 0.000000 0.000000
rate:  0.000000 0.000000 0.000000
COI:
1.000000 0.000000 0.000000
0.000000 1.000000 0.000000
0.000000 0.000000 1.000000
SpringCoef: 0.000000 0.000000 0.000000
DampCoef: 0.000000 0.000000 0.000000
PSIi:



THETAi:



PSIo:



THETAo:





Joint Structure [05]
---------------
Rotu0: 8   Rotx0: 9
Trnu0: 9   Trnx0: 10
ang:  0.000000 0.000000 0.000000
rate:  0.000000 0.000000 0.000000
COI:
-1.000000 0.000000 0.000000
-0.000000 -1.000000 0.000000
0.000000 0.000000 1.000000
SpringCoef: 0.000000 0.000000 0.000000
DampCoef: 0.000000 0.000000 0.000000
PSIi:



THETAi:



PSIo:



THETAo:





Joint Structure [06]
---------------
Rotu0: 9   Rotx0: 10
Trnu0: 10   Trnx0: 11
ang:  0.000000 0.000000 0.000000
rate:  0.000000 0.000000 0.000000
COI:
1.000000 0.000000 0.000000
0.000000 1.000000 0.000000
0.000000 0.000000 1.000000
SpringCoef: 0.000000 0.000000 0.000000
DampCoef: 0.000000 0.000000 0.000000
PSIi:



THETAi:



PSIo:



THETAo:





Joint Structure [07]
---------------
Rotu0: 10   Rotx0: 11
Trnu0: 11   Trnx0: 12
ang:  0.000000 0.000000 0.000000
rate:  0.000000 0.000000 0.000000
COI:
-1.000000 0.000000 0.000000
-0.000000 -1.000000 0.000000
0.000000 0.000000 1.000000
SpringCoef: 0.000000 0.000000 0.000000
DampCoef: 0.000000 0.000000 0.000000
PSIi:



THETAi:



PSIo:



THETAo:





Joint Structure [08]
---------------
Rotu0: 11   Rotx0: 12
Trnu0: 12   Trnx0: 13
ang:  0.000000 0.000000 0.000000
rate:  0.000000 0.000000 0.000000
COI:
1.000000 0.000000 0.000000
0.000000 1.000000 0.000000
0.000000 0.000000 1.000000
SpringCoef: 0.000000 0.000000 0.000000
DampCoef: 0.000000 0.000000 0.000000
PSIi:



THETAi:



PSIo:



THETAo:





Joint Structure [09]
---------------
Rotu0: 12   Rotx0: 13
Trnu0: 13   Trnx0: 14
ang:  0.000000 0.000000 0.000000
rate:  0.000000 0.000000 0.000000
COI:
-1.000000 0.000000 0.000000
-0.000000 -1.000000 0.000000
0.000000 0.000000 1.000000
SpringCoef: 0.000000 0.000000 0.000000
DampCoef: 0.000000 0.000000 0.000000
PSIi:



THETAi:



PSIo:



THETAo:





Joint Structure [10]
---------------
Rotu0: 13   Rotx0: 14
Trnu0: 14   Trnx0: 15
ang:  0.000000 0.000000 0.000000
rate:  0.000000 0.000000 0.000000
COI:
1.000000 0.000000 0.000000
0.000000 1.000000 0.000000
0.000000 0.000000 1.000000
SpringCoef: 0.000000 0.000000 0.000000
DampCoef: 0.000000 0.000000 0.000000
PSIi:



THETAi:



PSIo:



THETAo:





Joint Structure [11]
---------------
Rotu0: 14   Rotx0: 15
Trnu0: 15   Trnx0: 16
ang:  0.000000 0.000000 0.000000
rate:  0.000000 0.000000 0.000000
COI:
1.000000 0.000000 0.000000
0.000000 1.000000 0.000000
0.000000 0.000000 1.000000
SpringCoef: 0.000000 0.000000 0.000000
DampCoef: 0.000000 0.000000 0.000000
PSIi:



THETAi:



PSIo:



THETAo:





Joint Structure [12]
---------------
Rotu0: 15   Rotx0: 16
Trnu0: 16   Trnx0: 17
ang:  0.000000 0.000000 0.000000
rate:  0.000000 0.000000 0.000000
COI:
1.000000 0.000000 0.000000
0.000000 1.000000 0.000000
0.000000 0.000000 1.000000
SpringCoef: 0.000000 0.000000 0.000000
DampCoef: 0.000000 0.000000 0.000000
PSIi:



THETAi:



PSIo:



THETAo:





Joint Structure [13]
---------------
Rotu0: 16   Rotx0: 17
Trnu0: 17   Trnx0: 18
ang:  0.000000 0.000000 0.000000
rate:  0.000000 0.000000 0.000000
COI:
-1.000000 0.000000 0.000000
-0.000000 -1.000000 0.000000
0.000000 0.000000 1.000000
SpringCoef: 0.000000 0.000000 0.000000
DampCoef: 0.000000 0.000000 0.000000
PSIi:



THETAi:



PSIo:



THETAo:





Joint Structure [14]
---------------
Rotu0: 17   Rotx0: 18
Trnu0: 19   Trnx0: 20
ang:  0.000000 0.000000 0.000000
rate:  0.000000 0.000000 0.000000
COI:
1.000000 0.000000 0.000000
0.000000 -1.000000 0.000000
0.000000 -0.000000 -1.000000
SpringCoef: 0.000000 0.000000 0.000000
DampCoef: 0.000000 0.000000 0.000000
PSIi:



THETAi:



PSIo:



THETAo:





